"ID","SalePrice"
1461,113569.722353553
1462,158117.006831232
1463,178713.795407652
1464,197806.148925161
1465,190321.738310906
1466,170379.734229886
1467,188856.418789175
1468,162916.91523437
1469,185669.178326355
1470,115022.745656949
1471,187592.970879145
1472,93836.7551755419
1473,92042.1060029045
1474,145487.766491551
1475,114324.79822899
1476,331431.845122808
1477,259462.953128132
1478,269623.565613855
1479,263261.478312286
1480,468898.434188929
1481,318400.370235016
1482,214164.326762433
1483,174119.129562373
1484,158892.937287506
1485,188769.577861778
1486,199389.018812354
1487,306586.821825667
1488,232090.508168074
1489,193932.843349098
1490,225343.828737793
1491,193880.510113326
1492,94719.4723011571
1493,186540.32489955
1494,311491.535125482
1495,293653.862162898
1496,229915.445047596
1497,176510.114479026
1498,161144.315164081
1499,160912.582373892
1500,155200.68301966
1501,176257.142322311
1502,148584.249957246
1503,279125.897483492
1504,229516.704574672
1505,222114.910683623
1506,195729.506309426
1507,245037.488428112
1508,213099.197347667
1509,167803.660290863
1510,141282.810087652
1511,146148.671109408
1512,166805.489891568
1513,133939.584703949
1514,153789.400578403
1515,198512.032829563
1516,158535.760067699
1517,164449.60344396
1518,131652.702262549
1519,211669.160844817
1520,131412.866301578
1521,131114.997050068
1522,176668.87340774
1523,108138.244108697
1524,127038.2041898
1525,124243.34840453
1526,111787.471376542
1527,105028.56939951
1528,147389.460392492
1529,145424.753298388
1530,195196.440903942
1531,118475.414401667
1532,102945.404218888
1533,159369.142444706
1534,122092.396031307
1535,151295.162543899
1536,113961.139782747
1537,61861.083473792
1538,160533.355526569
1539,201577.281635513
1540,98804.1173106161
1541,144366.050642578
1542,132637.082811514
1543,169440.748827567
1544,81260.6217821269
1545,116336.72972613
1546,135248.479091497
1547,131875.624094161
1548,132580.272866253
1549,114590.981905142
1550,128265.252598171
1551,117552.784140729
1552,138628.564141969
1553,143882.865839208
1554,124256.37010553
1555,168139.209048331
1556,96948.6625279052
1557,101919.410321025
1558,103166.911497841
1559,72296.0693941467
1560,143259.305256085
1561,118545.017775708
1562,126545.76624491
1563,115638.657388197
1564,159402.333277539
1565,142794.472959587
1566,253635.264044861
1567,73909.048244066
1568,253724.908985507
1569,129084.289664374
1570,141064.627049533
1571,127501.717972656
1572,150389.943736663
1573,216906.112047631
1574,120719.637207948
1575,239016.028032221
1576,252980.139678037
1577,179259.86210411
1578,155291.219016638
1579,146350.910576252
1580,191064.92535578
1581,168958.484207389
1582,126667.805947385
1583,311279.606266102
1584,212308.699960758
1585,138883.700810508
1586,62984.9616389823
1587,100373.133893667
1588,155412.466998999
1589,96822.4337362819
1590,138134.843624496
1591,96028.5074117763
1592,113907.671044055
1593,119806.827488901
1594,121468.758156838
1595,104314.091978959
1596,230695.842149171
1597,192249.553436409
1598,210498.354955224
1599,160940.769319443
1600,151025.709685948
1601,60402.2659835895
1602,104978.955986857
1603,86453.0973249443
1604,251148.933082116
1605,229282.841419494
1606,171254.000635994
1607,178825.688697284
1608,214813.343279835
1609,191427.525750388
1610,155787.010667715
1611,132598.013291092
1612,158659.789434809
1613,157490.981982478
1614,119920.307322821
1615,89126.1977696809
1616,78297.0953659307
1617,92174.2626225851
1618,122253.504798993
1619,135899.926781409
1620,153376.203153735
1621,132169.113918362
1622,138492.952187742
1623,263871.644384518
1624,212177.761964018
1625,119003.660023041
1626,174585.619483789
1627,192615.426006398
1628,276664.583398476
1629,178260.46241741
1630,353547.274478302
1631,220585.363216124
1632,239429.082616523
1633,168701.191278789
1634,182990.397549552
1635,174619.420893733
1636,149863.569577234
1637,208562.898158124
1638,185891.685177702
1639,196548.874375941
1640,254205.644158296
1641,190779.261203118
1642,224364.855741717
1643,204260.401375596
1644,228232.407382877
1645,217427.823536697
1646,170493.167507092
1647,161869.815684128
1648,124090.410652328
1649,138442.147162827
1650,109475.752991505
1651,117680.736625851
1652,97201.7533703194
1653,102885.709606615
1654,137497.312192737
1655,139752.505966041
1656,136438.651569329
1657,140248.528501315
1658,137539.938634419
1659,118078.499380623
1660,156727.177575876
1661,409549.972288429
1662,380254.781265928
1663,370339.676872173
1664,483851.478028905
1665,294154.617115664
1666,327248.850132107
1667,353976.993565612
1668,327601.908197919
1669,288000.899125769
1670,332220.043022168
1671,283178.456009998
1672,426458.347934201
1673,295390.054348623
1674,250390.210803499
1675,205770.949453474
1676,205071.286069387
1677,229518.24567108
1678,464343.550592344
1679,363793.660890057
1680,327833.14448784
1681,243317.184845937
1682,307176.102958788
1683,192114.739306768
1684,175744.547913588
1685,175825.49030334
1686,167510.538686044
1687,177518.278816717
1688,196866.083259875
1689,197469.314223751
1690,200397.545959268
1691,188641.008652672
1692,257525.373909579
1693,168646.008108449
1694,181387.794004321
1695,165425.809576501
1696,264888.250313443
1697,176862.469447512
1698,339590.364091632
1699,348565.599551002
1700,258687.243689804
1701,275331.996831157
1702,240283.348144334
1703,238087.025499791
1704,284585.915899299
1705,231620.73704765
1706,396913.539441159
1707,204587.738802945
1708,200050.771631567
1709,258768.141427006
1710,215628.219318478
1711,255454.31137023
1712,256311.531129227
1713,255770.699599212
1714,224925.366790136
1715,198959.868449511
1716,183175.927447817
1717,171239.191330583
1718,136706.982287251
1719,202689.966732268
1720,244730.397824635
1721,165192.6454679
1722,124544.496844102
1723,157351.381041298
1724,206775.014430069
1725,232537.941833094
1726,186088.88853545
1727,154237.177961218
1728,180332.629917099
1729,172514.061659132
1730,162048.277957055
1731,123898.97950469
1732,125189.109654608
1733,108866.502496685
1734,113286.949088043
1735,123378.1007444
1736,110736.325672925
1737,378770.74682328
1738,274781.334634225
1739,255981.637455971
1740,212624.716795895
1741,189753.884216489
1742,168038.177286736
1743,175893.333236207
1744,360256.969790004
1745,210320.638982265
1746,195067.022905043
1747,220736.002759202
1748,221874.165770525
1749,147319.895867374
1750,131028.136519396
1751,257540.340862629
1752,117729.866054337
1753,139085.616115627
1754,201284.155335498
1755,179619.411713692
1756,125912.032886757
1757,118342.128253759
1758,138710.939917621
1759,167632.893391612
1760,154661.099512562
1761,145149.824621928
1762,174424.814916706
1763,174713.238458195
1764,112607.170607646
1765,176663.47520472
1766,194068.536099027
1767,233487.928628276
1768,142048.423316973
1769,172990.366988317
1770,153369.651253456
1771,119598.562008153
1772,139896.644813724
1773,122646.991600884
1774,154566.188321344
1775,143889.189572512
1776,121603.66357323
1777,112102.083580894
1778,136868.843262959
1779,106809.283514804
1780,177440.975842969
1781,125511.516000512
1782,85870.815651062
1783,141155.365262366
1784,108018.548519093
1785,117082.170204982
1786,159299.441228349
1787,178760.311271518
1788,61288.2489085159
1789,98985.7013446983
1790,81305.7845193523
1791,185295.644518499
1792,157357.442480138
1793,133906.768806667
1794,154187.15548207
1795,134964.692151477
1796,119222.177769026
1797,110546.860817454
1798,116337.484466427
1799,113223.142616508
1800,118971.890905221
1801,125450.987996838
1802,134914.562195968
1803,143505.566970805
1804,136965.797767152
1805,136717.012961014
1806,127904.360837121
1807,140005.377500779
1808,119549.842276056
1809,121784.789566903
1810,127874.902773155
1811,94259.3911680509
1812,100170.128010654
1813,121608.544173995
1814,92697.203281933
1815,53727.790113705
1816,107449.777948504
1817,110092.7349047
1818,154708.682463284
1819,124669.387875699
1820,72054.2498943758
1821,117692.262382375
1822,153998.961653738
1823,53015.3844954477
1824,127341.680719961
1825,126692.161911374
1826,106723.022132323
1827,98361.800940574
1828,127622.133831985
1829,113304.953615161
1830,152442.078007061
1831,156249.051813431
1832,82396.2911416844
1833,130809.485240492
1834,119437.935080674
1835,125299.904335908
1836,123205.569444894
1837,87303.4770192237
1838,130730.353473632
1839,100844.841600431
1840,131952.036551982
1841,141742.518968479
1842,90447.1366877884
1843,126280.236921418
1844,129133.072862755
1845,140716.67337326
1846,146927.353272381
1847,170008.463450351
1848,49783.7945731442
1849,109781.904486915
1850,117809.054151251
1851,164773.346574892
1852,122038.312859378
1853,125867.923885294
1854,168202.765627355
1855,154693.548240302
1856,223766.553598639
1857,156576.440987989
1858,130665.163806588
1859,115652.725946543
1860,143176.648246783
1861,115314.313452597
1862,302265.692932772
1863,280822.704390681
1864,281436.853367885
1865,318959.879741154
1866,305445.647512435
1867,231576.945242029
1868,294474.710872371
1869,205644.34797493
1870,229343.798152087
1871,231533.192455941
1872,176011.35567577
1873,252666.995429583
1874,155435.462379307
1875,198518.370806453
1876,195147.708253389
1877,217235.657063847
1878,195851.528285529
1879,131000.687240362
1880,134960.879482912
1881,251762.727282259
1882,253038.940111912
1883,187222.192308477
1884,206197.868280992
1885,237315.404775305
1886,282756.136553889
1887,212190.221689333
1888,268377.334539934
1889,174305.68547885
1890,125546.079121703
1891,126125.013316393
1892,100383.655936506
1893,145976.062130638
1894,130100.77809405
1895,144355.569538806
1896,130164.725309629
1897,113724.511894372
1898,116280.653631618
1899,163414.564317325
1900,159431.446699426
1901,175680.965412251
1902,150065.214877555
1903,222692.214856575
1904,136457.848123979
1905,211485.657138693
1906,168501.81093426
1907,226050.142825769
1908,113016.949654263
1909,130099.652811368
1910,122209.804405828
1911,216761.852127228
1912,341949.709750816
1913,137593.138984042
1914,68285.1360778895
1915,281458.187064396
1916,58487.2509268517
1917,244107.248120492
1918,141434.447455483
1919,178470.309388806
1920,147792.930582602
1921,368604.91979304
1922,306433.636026715
1923,255999.749571634
1924,260832.809061896
1925,198411.483474474
1926,366242.986504372
1927,127988.876422956
1928,148120.450416712
1929,129702.989341032
1930,125458.953597794
1931,138061.777019931
1932,133192.293112179
1933,182679.160103903
1934,183117.713163303
1935,172789.16026604
1936,188641.644963728
1937,176860.471495296
1938,162616.134932975
1939,240113.308097572
1940,189944.10048663
1941,162336.983023913
1942,182003.902179485
1943,209849.685245822
1944,309610.416514918
1945,355106.652364487
1946,142393.8387344
1947,291024.899874459
1948,177077.867240637
1949,237962.732490731
1950,201183.19033009
1951,264477.397754559
1952,229550.503066094
1953,182222.544930012
1954,196512.381399504
1955,137923.114133598
1956,329698.966734906
1957,159057.600176016
1958,301281.649300763
1959,148836.932839442
1960,105620.791975372
1961,121328.941367834
1962,95443.4434556706
1963,105451.654140283
1964,100286.533240945
1965,143900.56484021
1966,133011.639137151
1967,300233.878171148
1968,423510.505592174
1969,371508.657343175
1970,382204.686063846
1971,425252.162528756
1972,364108.006126936
1973,275633.799462049
1974,317078.673354491
1975,497258.775532602
1976,287588.185178115
1977,355813.312923776
1978,327669.993687338
1979,323227.788965756
1980,208286.264168908
1981,352984.080845671
1982,233692.306320686
1983,207553.606653626
1984,186829.015607605
1985,219988.566431528
1986,211844.921233686
1987,186542.505744432
1988,176239.951315071
1989,201063.390434332
1990,213766.706873064
1991,249910.20847724
1992,218058.486369238
1993,169366.826377405
1994,232145.374791716
1995,189624.527466058
1996,262682.316567587
1997,294922.858055292
1998,330148.102511554
1999,265293.669425931
2000,327257.328399119
2001,288091.046787184
2002,231272.757636055
2003,270483.653762744
2004,293927.759837669
2005,216817.56636938
2006,219170.041460322
2007,250366.634237285
2008,217657.702070211
2009,199196.378165125
2010,198401.562874133
2011,141725.575547929
2012,176014.450353498
2013,171380.743768496
2014,182824.619114769
2015,204774.094117336
2016,188603.495291542
2017,192437.516237796
2018,122421.531993745
2019,127900.92235848
2020,101041.975334571
2021,92390.7360384759
2022,203666.731582513
2023,143987.983667773
2024,272766.785371836
2025,344793.186159337
2026,168328.274877056
2027,156484.460607937
2028,154249.89486687
2029,160607.99663887
2030,256563.551698433
2031,231205.161344086
2032,234020.847422036
2033,246154.122042456
2034,166046.210765015
2035,225911.86554024
2036,194500.073493791
2037,199250.780755457
2038,287724.276748863
2039,230435.761638228
2040,271571.575636869
2041,326754.742256873
2042,203084.478663422
2043,185121.108295376
2044,162560.004072078
2045,228724.270745044
2046,153174.284051534
2047,138387.047148597
2048,136465.60048062
2049,144194.777666344
2050,183177.97968157
2051,94670.9816517315
2052,115578.101441458
2053,139114.680962354
2054,91536.1701499656
2055,148500.414542395
2056,144802.959849896
2057,112536.383931488
2058,209125.360373452
2059,128808.723892261
2060,167260.132491836
2061,178292.967453387
2062,128943.641737561
2063,117133.370466283
2064,138020.178767039
2065,118851.917269706
2066,163056.694025375
2067,116883.489209679
2068,146164.547888273
2069,79864.6728828495
2070,121760.739793881
2071,97050.7789951229
2072,131351.524682278
2073,130308.460150628
2074,188692.508522619
2075,144559.983079331
2076,114153.926787154
2077,158601.000075965
2078,118239.356853286
2079,134803.911947072
2080,120753.498027759
2081,126097.6191681
2082,110948.570301584
2083,140872.448860746
2084,111329.899853561
2085,108335.344619073
2086,107324.371893227
2087,123741.615922341
2088,96268.9517839151
2089,82044.3212580163
2090,126918.388693227
2091,109375.616761024
2092,130634.995070587
2093,111414.218461084
2094,111030.260442565
2095,154830.107009314
2096,86752.6287189808
2097,101048.018296844
2098,151144.121985964
2099,54044.1873337225
2100,74580.6637570888
2101,110698.202745125
2102,134447.227574976
2103,104231.416831772
2104,149329.16156079
2105,123770.854928805
2106,63806.8534694994
2107,193342.89324097
2108,115024.96783981
2109,106059.056265491
2110,133953.86478219
2111,135628.081037278
2112,129080.346162301
2113,112543.959893594
2114,125620.723926924
2115,154937.812572239
2116,114538.054206768
2117,145022.040070012
2118,121499.950025802
2119,117564.436442862
2120,114513.374117256
2121,81029.6157955915
2122,118486.887636776
2123,78829.1796300814
2124,156986.724923218
2125,128207.428482711
2126,138594.172771069
2127,173439.032921886
2128,137978.036536332
2129,91313.9009567278
2130,126787.747648838
2131,141401.524356236
2132,110226.56484685
2133,116914.63095297
2134,116100.045353547
2135,81903.4819971318
2136,76024.9484085404
2137,100813.581659378
2138,123473.708120895
2139,143062.658343972
2140,135714.737452444
2141,156905.727018145
2142,120874.434118652
2143,147433.560896111
2144,120900.339512383
2145,133204.359141121
2146,170280.404717052
2147,154505.886473341
2148,136947.963127369
2149,152801.730706465
2150,229901.780524527
2151,118571.720759458
2152,176547.549995433
2153,169012.021763364
2154,103915.366069698
2155,147059.543589559
2156,252125.570120223
2157,233433.953175924
2158,226342.040843136
2159,201386.872227559
2160,195874.344354704
2161,242914.561650483
2162,409858.716518865
2163,324039.215185063
2164,237080.805093184
2165,211374.121913598
2166,158027.861524748
2167,220977.198355833
2168,187588.605385754
2169,192372.188327176
2170,214742.871327249
2171,161509.762493925
2172,131923.84903049
2173,185437.520410627
2174,226785.674927784
2175,305709.072814588
2176,305967.611796864
2177,237550.902217013
2178,212686.842933674
2179,137049.325258685
2180,224173.194668169
2181,191545.420018039
2182,224246.434269151
2183,193234.747523544
2184,114250.470407595
2185,117995.001649414
2186,156948.821502763
2187,154672.244127459
2188,152609.959408386
2189,238644.113929591
2190,77718.6895920086
2191,80116.2758829737
2192,87516.1647047596
2193,99190.9780669752
2194,105487.521420004
2195,111881.15995831
2196,97979.71475734
2197,117480.220404803
2198,171824.206591625
2199,195508.293974841
2200,150131.239147541
2201,141618.679477813
2202,224766.255279826
2203,135059.696052711
2204,175138.217590146
2205,112050.390748018
2206,139715.833937441
2207,201819.204991413
2208,266407.214924522
2209,236742.98832919
2210,118357.28872235
2211,114496.461062005
2212,116949.518321701
2213,99073.3233950877
2214,121513.838924303
2215,94240.2157461854
2216,134339.830377216
2217,52654.6404579748
2218,85068.0585796663
2219,76049.6872659146
2220,88260.7612922592
2221,286827.032494465
2222,250625.823815463
2223,266333.241488882
2224,196701.470363079
2225,116848.376933373
2226,184294.41842739
2227,211349.390556786
2228,264985.755419441
2229,275279.858154367
2230,155557.965590166
2231,225822.296410136
2232,182061.511197856
2233,186471.170768854
2234,253047.86974793
2235,216129.938723916
2236,283137.817656748
2237,338156.197093181
2238,184864.960971134
2239,109405.936418656
2240,151440.96223506
2241,145325.751482045
2242,121336.275789646
2243,127378.980114532
2244,102810.79832166
2245,97890.9299640945
2246,137445.79532738
2247,115902.734340197
2248,121865.246967254
2249,114998.389288651
2250,122867.947726539
2251,99382.269146658
2252,186547.460313641
2253,155132.520360776
2254,176712.436289299
2255,183661.377359411
2256,173597.761137471
2257,202663.523211737
2258,158267.197095561
2259,178005.172952979
2260,154731.961259393
2261,184697.425958144
2262,216898.671660592
2263,339969.123869303
2264,505379.079662104
2265,168918.121020115
2266,287084.555948601
2267,371610.35427856
2268,386568.108144451
2269,148798.22510113
2270,203517.647176579
2271,224832.630593206
2272,200796.070010673
2273,164890.515247499
2274,187841.877081387
2275,171153.956768951
2276,198254.558078201
2277,188131.196234657
2278,150341.974456677
2279,118830.372895954
2280,117917.982591558
2281,160407.739934229
2282,178571.58516117
2283,105285.899183822
2284,102539.929201615
2285,140438.352533246
2286,119690.276294408
2287,358452.199202314
2288,286531.053209151
2289,372629.698280271
2290,431705.772650079
2291,313335.213729728
2292,408622.408512968
2293,467695.39624019
2294,366724.4586408
2295,514311.316190248
2296,302869.25085593
2297,327680.003099584
2298,322823.531738687
2299,334063.759951518
2300,325826.456268718
2301,301838.449089965
2302,259402.116486181
2303,240644.612662688
2304,263480.453477628
2305,209847.696103719
2306,204989.965817277
2307,212112.235217636
2308,233398.992878824
2309,278700.671044762
2310,225475.025241462
2311,217244.973323888
2312,175782.516289058
2313,170898.767571133
2314,188774.002095261
2315,186222.183999681
2316,208951.413980223
2317,194629.114652016
2318,185233.184836453
2319,193497.421822941
2320,194352.824588612
2321,233472.648539501
2322,187062.197890138
2323,187184.254466224
2324,174452.523638756
2325,220790.61598082
2326,178233.782065132
2327,207449.579618921
2328,226649.535392641
2329,189466.237321842
2330,182701.788539482
2331,351902.908327859
2332,363707.0731228
2333,311454.879124839
2334,254421.571391631
2335,265370.594901814
2336,318417.163931165
2337,209556.554647411
2338,278944.738158425
2339,214238.115891966
2340,412132.41048636
2341,224105.620879324
2342,235024.296620871
2343,230185.571505545
2344,214121.510865328
2345,242260.028850406
2346,210982.088632063
2347,204010.515787017
2348,238786.469041346
2349,170388.146682705
2350,287976.884297752
2351,251513.559310061
2352,249739.562689503
2353,248187.380649152
2354,148292.086750295
2355,150535.187937882
2356,152721.725381482
2357,195199.269318079
2358,191345.223744538
2359,141530.485443239
2360,111807.621253327
2361,141967.754705269
2362,268722.32166179
2363,130198.497614492
2364,156767.062713667
2365,222587.68098951
2366,189131.863815961
2367,217584.045893134
2368,214195.241657647
2369,220126.115804553
2370,161882.472718229
2371,159002.416110875
2372,179278.788913554
2373,262041.761428879
2374,296287.570496877
2375,253808.385149168
2376,315917.143152922
2377,355972.393024532
2378,143411.605275519
2379,219765.277367432
2380,151353.116346582
2381,174757.074880273
2382,208494.520939887
2383,209004.657053431
2384,248728.895367061
2385,168523.729035075
2386,140165.914947341
2387,127907.312851508
2388,96058.9517419114
2389,120420.27438111
2390,136138.700637102
2391,142007.83151451
2392,112908.609583588
2393,167710.055680329
2394,133062.455473392
2395,201739.903827881
2396,141657.278052643
2397,223192.593655419
2398,127118.097127357
2399,62621.2714643322
2400,62979.8554693283
2401,110901.095593686
2402,134313.486099799
2403,146832.336252446
2404,148435.220682525
2405,157390.470682695
2406,140766.711972741
2407,123752.682534156
2408,141583.305479654
2409,119032.485736016
2410,165496.211750275
2411,111066.639491062
2412,153340.831763059
2413,127533.801518288
2414,144689.631541366
2415,138342.281519661
2416,122539.791260728
2417,141774.232988576
2418,133310.133538608
2419,124393.547612985
2420,122071.297067608
2421,149106.313713042
2422,109676.88156134
2423,115017.994973573
2424,160986.695366979
2425,182130.248718436
2426,139224.073851052
2427,128414.455670987
2428,178803.63579364
2429,107098.087354329
2430,130968.225553232
2431,111983.101502996
2432,136023.564562207
2433,137863.212133292
2434,128086.189488327
2435,148627.551529027
2436,94614.8446485379
2437,99206.8100178358
2438,118987.326923091
2439,109671.056840054
2440,128926.123053029
2441,99586.7938071935
2442,98167.0268943395
2443,134723.390081284
2444,134674.372232056
2445,96242.90651831
2446,143426.657655617
2447,189797.144963316
2448,129716.982455883
2449,119178.119038438
2450,149006.46299355
2451,113954.950771962
2452,201666.509462412
2453,88937.9003250015
2454,121102.984752303
2455,123614.366357966
2456,131195.844645833
2457,124195.623554282
2458,125376.932417569
2459,109242.864830177
2460,134123.843962592
2461,124083.523828808
2462,126512.267377465
2463,118026.120954283
2464,176240.838641922
2465,140444.667375723
2466,105663.629863104
2467,123289.642260245
2468,84501.9626169683
2469,80208.6877287476
2470,168855.779413585
2471,203350.507838344
2472,151951.410545959
2473,105370.73617128
2474,68653.4448498605
2475,212158.618532619
2476,112871.475702296
2477,122502.757705448
2478,153082.533648204
2479,98626.5884931241
2480,153033.383797957
2481,122767.431609871
2482,120703.146470475
2483,106172.621100763
2484,124098.696221102
2485,120976.835963053
2486,141412.507976506
2487,170508.390331377
2488,163250.404063138
2489,149178.576661606
2490,140943.699748475
2491,89719.0373894808
2492,202568.447489946
2493,148422.333238367
2494,156729.22877746
2495,92906.2704772376
2496,259286.745306897
2497,157685.766548968
2498,107794.723004848
2499,81295.9489581486
2500,130056.925374114
2501,138899.939435061
2502,148436.304993782
2503,97066.0018680153
2504,193479.645580279
2505,217197.81388053
2506,260838.891938823
2507,290419.384932549
2508,260738.75455853
2509,212176.209926398
2510,220468.842495372
2511,177569.26126925
2512,202028.004057916
2513,226760.706953793
2514,267736.748076276
2515,147861.9795698
2516,176027.139308138
2517,149608.31833846
2518,153066.865559982
2519,220618.124470327
2520,219061.41493671
2521,188470.540094886
2522,223143.533861019
2523,117233.934947709
2524,137295.81220121
2525,149907.71193901
2526,138561.273529379
2527,121671.082213223
2528,128455.255968767
2529,137762.098996297
2530,120793.606444927
2531,247163.352303105
2532,227834.938249449
2533,197826.308921085
2534,239155.002271537
2535,299205.116218878
2536,241587.554584543
2537,232402.611918849
2538,192868.17717258
2539,190228.686629045
2540,188600.252916965
2541,187237.290580971
2542,162864.313255576
2543,120342.093120325
2544,123694.280473869
2545,138239.487984158
2546,137942.084843516
2547,141554.909387924
2548,154193.816035652
2549,159624.455716819
2550,991019.325802757
2551,136287.521372563
2552,134599.814295947
2553,75702.3465760587
2554,98327.7531253455
2555,128277.10039226
2556,102126.667181868
2557,101249.124489627
2558,160695.922315283
2559,142503.804507855
2560,148218.945249872
2561,146642.259283549
2562,135757.842663471
2563,148614.255855002
2564,189818.100231768
2565,128797.121146697
2566,145760.765573201
2567,142712.317374229
2568,218914.014482391
2569,227430.547443536
2570,115696.921867837
2571,173912.804139021
2572,142287.212901097
2573,228261.569777803
2574,273538.528895796
2575,126596.095708788
2576,109860.101286844
2577,114363.212634859
2578,83898.2405097528
2579,62063.3693299885
2580,104049.928669483
2581,115552.629690278
2582,116224.00571548
2583,290794.389085397
2584,183648.043786422
2585,177534.490172713
2586,227271.419930806
2587,203212.308288673
2588,141478.785849999
2589,147836.365135075
2590,221845.232295966
2591,244802.430678145
2592,226806.37779832
2593,254739.150567494
2594,195661.288878386
2595,198406.593846572
2596,319437.438025402
2597,183215.737651474
2598,285667.638312434
2599,318083.710861547
2600,138177.169641329
2601,142341.258740845
2602,82914.3822614409
2603,93012.7991518284
2604,88684.0008200472
2605,79477.2029850498
2606,143964.170601855
2607,217958.242697304
2608,209190.501328637
2609,172178.850443074
2610,106343.92110907
2611,113041.166311161
2612,156548.644153195
2613,126852.856393906
2614,116222.31940302
2615,160088.161284191
2616,148905.430823926
2617,180032.227648486
2618,213752.212374168
2619,199525.048258665
2620,190026.093509292
2621,171413.325413138
2622,184325.080581818
2623,250570.971441886
2624,302120.7740896
2625,278602.258711415
2626,176331.411103747
2627,163297.794734236
2628,450875.449519056
2629,474723.692467384
2630,359029.765852268
2631,473264.781199509
2632,385018.366581227
2633,308140.227357891
2634,392463.588507013
2635,165332.263969119
2636,178570.489369546
2637,181766.642428022
2638,268859.819081217
2639,188980.973164584
2640,162548.281098461
2641,103923.348931724
2642,185379.805212419
2643,101136.103583661
2644,117105.601766142
2645,109043.509372041
2646,94172.837025086
2647,102439.440462002
2648,143459.458741261
2649,150788.744483735
2650,142461.595923806
2651,135499.75723505
2652,395552.148324905
2653,257865.297939494
2654,257179.111586541
2655,391023.468184831
2656,329909.826786837
2657,360080.431073523
2658,299307.899627109
2659,296525.32045328
2660,351575.901273315
2661,360571.618449039
2662,349094.733662479
2663,295972.478269476
2664,267622.740277078
2665,339754.925617402
2666,300157.307703203
2667,174985.790487948
2668,184744.969500622
2669,191161.075708726
2670,280600.763618576
2671,194153.069783881
2672,198711.74020887
2673,206467.43278326
2674,198024.787319327
2675,173538.151833151
2676,196831.908204926
2677,194306.481080178
2678,254665.940978946
2679,269781.390047822
2680,284807.649705589
2681,372415.933248689
2682,318371.787709748
2683,505868.137553149
2684,310818.699514651
2685,343792.611174167
2686,262054.029367288
2687,322714.15333845
2688,220196.872382312
2689,206784.242197121
2690,389322.839239093
2691,184830.847002286
2692,141388.103460959
2693,208545.644534464
2694,144578.74604013
2695,197849.802288974
2696,188151.198097479
2697,184686.97984663
2698,185317.39984293
2699,178173.791057415
2700,154858.099831074
2701,150849.132484681
2702,107866.249155258
2703,128188.335652198
2704,136087.14717973
2705,110568.4328917
2706,105884.607337435
2707,120099.39278669
2708,126677.965023046
2709,97863.6971536415
2710,121559.24738942
2711,300893.409365392
2712,368757.910307437
2713,167732.681190887
2714,160927.32663582
2715,165358.331986595
2716,152081.099465933
2717,186387.230706285
2718,217553.048524501
2719,160760.648596867
2720,178972.299389279
2721,124871.351193011
2722,156860.607342174
2723,134492.556006443
2724,114856.676059724
2725,123757.046326105
2726,156881.406986355
2727,186174.514836338
2728,181052.878053174
2729,144702.987241829
2730,145587.668691925
2731,137747.660828029
2732,130944.730184831
2733,164898.933888364
2734,142791.293307423
2735,136997.78188917
2736,141211.195875109
2737,118357.13021377
2738,137425.266542842
2739,153416.50171474
2740,136411.438272516
2741,132428.769412297
2742,148276.562977973
2743,154606.34998197
2744,163574.5934294
2745,143846.517264777
2746,132887.011537522
2747,143976.734967934
2748,122819.088391323
2749,125089.698039165
2750,136522.09149962
2751,133310.016779692
2752,189863.598290383
2753,146421.865446119
2754,229090.437526387
2755,138624.064663645
2756,94376.4014035525
2757,66677.5917029324
2758,94504.6342310676
2759,169044.534921317
2760,115858.401582077
2761,142062.71705655
2762,142899.879432118
2763,187186.72711298
2764,135653.730617993
2765,273062.42964441
2766,138881.664211251
2767,77840.1637393556
2768,125989.50630409
2769,121429.269665627
2770,139767.122628808
2771,103969.543269271
2772,109626.013368555
2773,172864.636261774
2774,148388.303919855
2775,110667.192268771
2776,147884.497399431
2777,158815.496275449
2778,109082.048076162
2779,127691.84070232
2780,99734.727367929
2781,100548.826442358
2782,94121.8841339277
2783,98182.6324826647
2784,123206.334664597
2785,143809.946309617
2786,70746.3348127006
2787,130660.630922955
2788,78640.5931902858
2789,169231.026158169
2790,103915.175126955
2791,110227.758467546
2792,61303.9822154015
2793,146525.03739731
2794,89833.5631190574
2795,114511.320418336
2796,95830.019133462
2797,184835.379978633
2798,95868.3813716604
2799,108577.997238664
2800,64347.9425154089
2801,98388.503932571
2802,126197.606237556
2803,164987.000851073
2804,127107.213490565
2805,95754.0025549543
2806,82558.2147200079
2807,163466.223711258
2808,145058.366446093
2809,133088.669571
2810,122602.690201509
2811,159335.195340887
2812,156398.092296982
2813,154864.283942287
2814,158883.612472736
2815,98603.1350178439
2816,261824.452375265
2817,168377.758688726
2818,131766.009708755
2819,179063.122631089
2820,139468.445773086
2821,110715.282711823
2822,197356.454224638
2823,303876.742591748
2824,201540.693803619
2825,134503.172383724
2826,136101.758167035
2827,142350.461987157
2828,196704.028412294
2829,235601.036567765
2830,240348.40838184
2831,174191.954980777
2832,262725.465123741
2833,283544.74558197
2834,223713.177313542
2835,217210.419441338
2836,203329.39830597
2837,168557.384685162
2838,149176.434318151
2839,168514.873647331
2840,209064.40243091
2841,198164.852154174
2842,227632.256117066
2843,153197.924997223
2844,179011.199840266
2845,132468.623926775
2846,211164.538413677
2847,203794.613723327
2848,226581.491772243
2849,202560.116364361
2850,274429.110820886
2851,206327.974474342
2852,233631.583742409
2853,236234.837093826
2854,140510.021134812
2855,205506.799976528
2856,209245.533333559
2857,193708.827041154
2858,219356.517668082
2859,123172.688214565
2860,122517.143404781
2861,123227.845602754
2862,195789.736708476
2863,126726.834484831
2864,226516.04977456
2865,142600.393401113
2866,161767.777166476
2867,102987.429466142
2868,104114.130648132
2869,97819.0993229702
2870,128827.676150079
2871,82759.9675838326
2872,51826.8319894325
2873,105099.940654635
2874,139822.117122914
2875,115787.12662662
2876,163514.066774922
2877,157111.187538929
2878,168761.280525203
2879,140803.28744031
2880,100385.391773803
2881,157884.793963031
2882,165336.337203093
2883,204092.547928777
2884,191341.110448367
2885,178024.572506424
2886,224842.636562822
2887,87292.333153641
2888,141764.765539021
2889,59681.5627030361
2890,76876.7027553411
2891,130104.125176873
2892,50932.7345618664
2893,91562.6179337885
2894,66178.0987200937
2895,307871.142633097
2896,264972.533245647
2897,198863.58162909
2898,156048.63605241
2899,197849.694555357
2900,158657.779663231
2901,200561.284062944
2902,193261.137905005
2903,337114.831951847
2904,360331.041102658
2905,84894.5269788908
2906,193256.17915665
2907,113038.03732418
2908,123820.936799336
2909,156919.06197469
2910,74467.7741966565
2911,82085.8925119824
2912,145844.594663111
2913,81192.4650818068
2914,79353.0555573601
2915,87966.4514611346
2916,82019.8656692434
2917,165300.504498334
2918,114452.674622833
2919,213752.064984511
