"ID","SalePrice"
1461,116945.327142261
1462,159451.51663343
1463,183031.865969726
1464,193170.722784677
1465,191065.398135853
1466,170273.779521733
1467,186100.629691668
1468,162610.805285321
1469,184775.549761529
1470,117007.400196241
1471,188586.669626432
1472,95591.2927364468
1473,93929.2341061317
1474,147307.413107066
1475,115599.180567148
1476,350110.137329894
1477,254365.787483259
1478,268547.419677922
1479,261588.57489828
1480,488901.370479677
1481,332693.467461322
1482,210713.200206511
1483,172486.142007266
1484,159838.430174231
1485,187883.382817009
1486,199455.939205109
1487,312418.704744961
1488,233115.130607559
1489,194953.707354201
1490,221013.036657792
1491,190853.679167716
1492,93900.7600927236
1493,187387.608809839
1494,309723.29561225
1495,296246.197010786
1496,232267.458179161
1497,176721.936184976
1498,161161.197559635
1499,160361.311052437
1500,153445.72996117
1501,175591.30277234
1502,150180.664718068
1503,283644.101944658
1504,235877.139327705
1505,221059.254094298
1506,201011.023267802
1507,241371.988652945
1508,213628.254399794
1509,164852.769046399
1510,143982.703404032
1511,145565.151282123
1512,170802.410843255
1513,135204.088958934
1514,156922.603779461
1515,192185.483782428
1516,156616.58036986
1517,160379.428104587
1518,134138.261525765
1519,209919.603097552
1520,132468.931027512
1521,131975.33844251
1522,175074.413027569
1523,110375.524995462
1524,126680.068247561
1525,124010.539076715
1526,115120.071815832
1527,103434.65319882
1528,143016.199738704
1529,146208.094021376
1530,189048.613333572
1531,118082.441758928
1532,105872.895070074
1533,156805.938548886
1534,118838.712280019
1535,153355.377200975
1536,117536.595974829
1537,61880.2856160698
1538,166310.81684809
1539,201104.025154742
1540,95610.6993531799
1541,145205.033098347
1542,135443.698934381
1543,177345.583332774
1544,78809.2986557154
1545,115871.007367474
1546,133010.759909551
1547,131580.93885893
1548,131829.169338635
1549,113427.419299798
1550,128907.844717627
1551,120277.884873268
1552,140064.838603869
1553,144118.983030566
1554,122581.38038854
1555,170790.890248398
1556,96873.7308186947
1557,103005.335081057
1558,102880.58613778
1559,79033.9982269772
1560,142260.056291596
1561,126135.952771825
1562,126734.39129566
1563,116723.404120208
1564,156584.655024383
1565,142122.948260795
1566,248537.097238376
1567,74531.0416524526
1568,250412.64385804
1569,130915.451251529
1570,140503.738311745
1571,125891.957504635
1572,148252.484080654
1573,214390.402366872
1574,113998.414782609
1575,231417.731369483
1576,243188.181865135
1577,179952.097090969
1578,156328.534446741
1579,145641.949194916
1580,193161.396136929
1581,165467.049414005
1582,129694.140344783
1583,312614.101163328
1584,215244.740997798
1585,140376.227244028
1586,64501.3614439813
1587,101508.075886548
1588,152774.510235301
1589,98554.0628899151
1590,137850.850833118
1591,98770.51393498
1592,117714.61095746
1593,120093.649171994
1594,120408.850814223
1595,103430.122091261
1596,234892.17498463
1597,191164.092382275
1598,206998.701425645
1599,160856.589961094
1600,152632.647655594
1601,60884.8750334218
1602,103264.756330561
1603,84774.1807616879
1604,258283.771650508
1605,227639.584962583
1606,170189.183020201
1607,174602.121481388
1608,213225.759953951
1609,186096.725731644
1610,156179.439612219
1611,132839.869370811
1612,157771.133565696
1613,154231.434274814
1614,121672.046312622
1615,91896.7965180944
1616,76201.3892421144
1617,92616.7634643841
1618,121060.938612615
1619,134661.56502279
1620,152515.301075694
1621,131125.125624949
1622,140385.565466047
1623,266491.571858642
1624,207834.447035421
1625,120710.159350635
1626,170682.02008577
1627,189033.868301109
1628,273327.047428513
1629,175598.077821833
1630,352049.657242567
1631,218635.312297909
1632,242567.974473007
1633,169817.648113911
1634,186617.999664652
1635,175211.584817455
1636,151682.947191187
1637,207145.542355768
1638,189954.001267302
1639,192997.257994272
1640,261683.693397647
1641,187020.325041847
1642,224858.186702453
1643,214655.944964836
1644,229543.14452829
1645,209081.010893498
1646,170005.333182235
1647,160895.872848246
1648,127154.798563163
1649,138799.978968442
1650,110566.138714588
1651,117192.678227713
1652,98846.5756309854
1653,103477.514916084
1654,140981.588425469
1655,144646.072140671
1656,140004.887606421
1657,142029.286321086
1658,140806.611865593
1659,121433.617250338
1660,153218.538114315
1661,417694.19800447
1662,391390.151141334
1663,376024.467534436
1664,480386.473503697
1665,294609.686457478
1666,327695.264999325
1667,353194.064061295
1668,330381.380754685
1669,290982.187100253
1670,338641.673357002
1671,281960.634827568
1672,431973.451972885
1673,296990.378526321
1674,246581.019954215
1675,197880.760282768
1676,201171.120490274
1677,225830.999298167
1678,480201.394299268
1679,372968.268208733
1680,335852.798713808
1681,240957.654483617
1682,311373.694559274
1683,187570.214719785
1684,176999.469737667
1685,173852.579119642
1686,167275.865853473
1687,177221.522668257
1688,196184.189312513
1689,194226.799766729
1690,197077.188269115
1691,185068.049614874
1692,252388.625694865
1693,169576.244112307
1694,181273.172859277
1695,167927.426071462
1696,271812.117520877
1697,175965.92681545
1698,345443.738564976
1699,348382.596096273
1700,260326.706847505
1701,277253.658887111
1702,242152.346461113
1703,246842.528331668
1704,286942.468392162
1705,229074.147163742
1706,419520.57631566
1707,204042.654085098
1708,199394.745463118
1709,262363.270020924
1710,219324.098951083
1711,254940.055191972
1712,255498.694728011
1713,260184.684451628
1714,229797.597290481
1715,201730.437976807
1716,182773.099560892
1717,171482.254677462
1718,138613.126615004
1719,202657.949687119
1720,246981.441196048
1721,165667.817065428
1722,127322.119974428
1723,158506.61931316
1724,203283.698653878
1725,236534.549458522
1726,186718.568207002
1727,158917.63229049
1728,185204.448483284
1729,172880.191372457
1730,157953.454439521
1731,125137.714224113
1732,126752.662997526
1733,108631.412778162
1734,115988.581181848
1735,127968.434631229
1736,115648.899163767
1737,372428.69570319
1738,261382.159511624
1739,254838.613316451
1740,212646.543852759
1741,187944.356284818
1742,169363.187384655
1743,176632.334628034
1744,348281.37247629
1745,214869.508927404
1746,198563.236299722
1747,224557.646018835
1748,231019.103638878
1749,153235.748709531
1750,134455.906201188
1751,252325.54726424
1752,121030.021062232
1753,141297.887984342
1754,196202.532177309
1755,178398.519436713
1756,127703.379292515
1757,119388.873921696
1758,140918.694349017
1759,166255.965217097
1760,157589.52743068
1761,145465.911954843
1762,172923.797833946
1763,169440.013279074
1764,116764.158872785
1765,176445.289311055
1766,188669.676480307
1767,223489.220986633
1768,143555.690190956
1769,174719.721773217
1770,151452.072516183
1771,122588.350462688
1772,139900.724675931
1773,124301.932991506
1774,149763.52963272
1775,142419.113398544
1776,119703.824856801
1777,112666.957353949
1778,136534.415743183
1779,111334.406471644
1780,176621.238650427
1781,127442.432085727
1782,84403.4498328708
1783,140379.80369561
1784,109497.315401186
1785,118839.664067139
1786,153359.399855849
1787,174588.451443244
1788,58394.3684943427
1789,100908.440633485
1790,77733.6124424697
1791,185985.3377931
1792,157453.253935316
1793,132393.08610266
1794,151940.508442612
1795,134097.231239536
1796,119129.502823537
1797,113343.541883395
1798,118734.542512745
1799,111976.599460236
1800,121925.682698103
1801,128398.136244877
1802,134419.728772175
1803,145013.809198673
1804,136347.052919021
1805,136673.870591659
1806,124952.694683904
1807,139105.318707393
1808,116792.44427011
1809,121610.1423507
1810,129657.399402713
1811,94539.3259927056
1812,98700.7222052472
1813,122488.25908819
1814,92624.0816424856
1815,54224.4738691575
1816,106730.648790716
1817,109963.90820118
1818,155840.475889442
1819,124320.213270624
1820,71440.9339620048
1821,114007.295593187
1822,151347.328337559
1823,51494.157748603
1824,124559.789046193
1825,124328.16941754
1826,105582.914068821
1827,102553.235023203
1828,127632.594539336
1829,111935.494394497
1830,149043.573517787
1831,158353.374502646
1832,84112.6429363128
1833,136576.34715586
1834,121352.098111632
1835,128977.254026427
1836,121233.221641292
1837,83016.4129540365
1838,134025.259411266
1839,99356.3124286328
1840,143721.00807835
1841,145496.07099872
1842,86667.6617520274
1843,128962.00146184
1844,134457.487591984
1845,140431.323827245
1846,149625.432667546
1847,168226.786801867
1848,52628.9757665387
1849,106901.552896239
1850,119375.896287338
1851,160674.345943518
1852,125608.703780018
1853,128998.959570973
1854,173251.923972619
1855,153833.203564718
1856,224575.908894136
1857,153650.052257966
1858,133814.53463146
1859,116571.290995214
1860,145303.113429663
1861,116394.133753972
1862,295687.166330935
1863,279905.736693788
1864,280604.825369701
1865,316782.021695731
1866,315693.461758026
1867,230682.857491882
1868,295009.571730168
1869,206697.481701782
1870,229710.813721408
1871,234288.522727732
1872,172566.210933439
1873,249136.574406365
1874,151184.832792602
1875,200602.473765199
1876,194957.274322442
1877,214827.455328442
1878,193749.379464106
1879,130332.206799662
1880,136981.757427082
1881,248736.764266818
1882,251644.424545878
1883,190333.756257568
1884,203932.721952249
1885,241822.149405385
1886,287070.025683336
1887,210646.0052833
1888,263238.786808707
1889,168598.576696464
1890,125476.170321759
1891,128961.860928399
1892,103794.199731281
1893,140343.56685498
1894,130075.791811384
1895,141010.595258225
1896,128666.188153317
1897,111664.796538392
1898,111654.277835112
1899,165979.329064916
1900,159706.091226957
1901,175512.482265485
1902,150500.353511405
1903,225476.411902231
1904,140437.147077522
1905,210638.159643953
1906,167592.185963453
1907,222142.400915345
1908,109037.278592422
1909,131965.021484622
1910,119819.543592484
1911,212868.407067629
1912,338482.459189115
1913,138896.355608287
1914,65497.195867865
1915,290553.047680333
1916,59809.650927005
1917,241790.095933938
1918,138855.078085572
1919,175257.694906691
1920,147201.720000725
1921,393209.314818807
1922,310032.714618077
1923,244030.041751843
1924,258443.473925067
1925,199445.168908663
1926,373627.002741599
1927,128464.933896478
1928,149438.08570464
1929,125400.893959855
1930,127327.850748026
1931,137385.66479455
1932,130634.391345836
1933,178068.720108879
1934,181604.478698466
1935,170665.00544474
1936,185254.057706606
1937,177403.521360965
1938,166029.216616109
1939,235955.830616554
1940,190503.727150156
1941,166072.303594714
1942,183479.532288079
1943,208519.76843366
1944,315052.460623499
1945,366290.839235976
1946,140761.640064156
1947,312030.209746919
1948,176066.980615559
1949,238577.148115932
1950,198679.976033347
1951,261908.289875832
1952,235983.466820071
1953,181744.132626094
1954,190722.067954822
1955,138255.462518525
1956,325917.808329738
1957,159186.527006009
1958,304260.577403473
1959,144217.902242751
1960,107274.56431278
1961,121800.010210948
1962,96585.4434226809
1963,104260.451983842
1964,105085.147135486
1965,146092.119755129
1966,137149.793022782
1967,298021.236738369
1968,426169.479892996
1969,394064.568325826
1970,404379.941261507
1971,440341.043111861
1972,363879.841088726
1973,271773.521730007
1974,313427.406402641
1975,495629.197455851
1976,281318.729835105
1977,355859.2984884
1978,336756.249188534
1979,331240.993901535
1980,205315.670565613
1981,355168.591204896
1982,229816.831289065
1983,206229.538364125
1984,181741.85796648
1985,220184.863672739
1986,212471.342225842
1987,183541.174743454
1988,175577.169384691
1989,201602.807140286
1990,210915.706324716
1991,248297.985661137
1992,214579.651977961
1993,171530.75472743
1994,235190.785367945
1995,188661.820213026
1996,259779.812915404
1997,301167.934541557
1998,329101.083452475
1999,261544.163349521
2000,323021.856235408
2001,279268.467403266
2002,231981.370405556
2003,268772.468003344
2004,290831.435518689
2005,217197.648886859
2006,220182.503144411
2007,251801.937598734
2008,216094.457564151
2009,195697.249115595
2010,198108.907885801
2011,139889.141079008
2012,175968.490714634
2013,172072.319069713
2014,184408.896326546
2015,204646.5155471
2016,188358.65438571
2017,194726.556593554
2018,125011.256338712
2019,129451.679055474
2020,103026.087166785
2021,100030.693820304
2022,197672.57642805
2023,143440.656372128
2024,265744.579250574
2025,366649.038641397
2026,169637.837152597
2027,155818.331373816
2028,152448.496948708
2029,160803.545916688
2030,260908.898787973
2031,234044.088958625
2032,238722.565367557
2033,258216.567178605
2034,165258.425960309
2035,225561.962558849
2036,192683.783678218
2037,197905.41439185
2038,292145.498128715
2039,229593.343604008
2040,283041.472933503
2041,313157.100173198
2042,202501.286329972
2043,183306.678614319
2044,169153.340816881
2045,233409.617088672
2046,155613.512789199
2047,139771.203069727
2048,136513.383123335
2049,141906.68281759
2050,185875.99125124
2051,97094.3501848689
2052,120969.921560849
2053,140040.776668477
2054,90370.5694278653
2055,149774.676137034
2056,143074.136208436
2057,117354.292872809
2058,213396.839317099
2059,130019.189188932
2060,165777.374217288
2061,177031.376002021
2062,130857.536261555
2063,115210.630679703
2064,139892.15426762
2065,118623.611597386
2066,161928.762532371
2067,113559.104914927
2068,144938.17288294
2069,81474.0842064667
2070,119686.514939471
2071,98176.0496263953
2072,131025.513798951
2073,134341.799147621
2074,190770.542982873
2075,144281.208598603
2076,115897.809764723
2077,156034.270395118
2078,121168.254830696
2079,134647.691237672
2080,121157.795920346
2081,126325.560324614
2082,117800.59132194
2083,140466.332861599
2084,111982.692378949
2085,112838.539641397
2086,106044.093596731
2087,125084.917938483
2088,96750.8694546452
2089,81295.1389891057
2090,128718.236404934
2091,112455.528030337
2092,126156.840815669
2093,112116.587506483
2094,116189.508734967
2095,151433.112602361
2096,85677.0079046237
2097,101995.060043112
2098,146990.339624823
2099,53008.9226358345
2100,75060.3640135634
2101,111258.761555228
2102,134050.18886292
2103,103283.806838994
2104,141482.082909811
2105,124151.872901874
2106,66514.024561384
2107,204490.040446431
2108,115267.168088282
2109,107102.634110896
2110,132684.237737849
2111,139768.495347895
2112,128326.282548817
2113,112777.241464234
2114,119894.717452784
2115,152933.698025564
2116,115799.311684695
2117,143410.462972552
2118,120752.197617399
2119,114356.888028684
2120,114254.851071614
2121,84117.7200666255
2122,116192.034943402
2123,81663.3947108829
2124,155024.560292585
2125,127370.618453172
2126,136406.849352092
2127,169862.55829121
2128,131873.445858941
2129,93561.8442399854
2130,126319.419586652
2131,141808.535235603
2132,112563.147012672
2133,121428.650852454
2134,118606.136518154
2135,86369.3586435054
2136,74795.309971479
2137,107108.485245366
2138,125966.49884052
2139,145210.254322411
2140,135799.012911284
2141,152039.366402294
2142,122882.182707067
2143,147307.829357846
2144,118620.733385035
2145,134358.872114513
2146,169641.923796854
2147,150852.005501604
2148,135961.192128065
2149,149194.375132315
2150,229573.100145408
2151,113194.765664167
2152,167626.464880055
2153,166132.917007089
2154,101532.437558736
2155,143447.849743259
2156,252266.16982074
2157,232483.10826043
2158,231717.687326124
2159,201334.315775801
2160,185999.382427007
2161,244023.550537858
2162,411219.705030908
2163,336971.830359535
2164,237573.860584623
2165,208702.409920781
2166,153742.565193271
2167,220911.870031072
2168,190821.272899909
2169,190210.257577362
2170,215468.068679453
2171,158799.426627602
2172,133470.377103874
2173,181530.012525784
2174,228593.730384497
2175,310800.799472594
2176,310807.523431127
2177,239755.015571078
2178,213494.991745867
2179,138887.235600046
2180,229664.121166098
2181,189771.138830608
2182,224738.393066343
2183,192805.247139027
2184,119230.356203028
2185,119829.196920316
2186,151085.490881609
2187,153188.662348002
2188,151638.845400498
2189,236442.470232935
2190,77638.7136834717
2191,81757.4661850192
2192,88100.8920953124
2193,98967.5431271279
2194,102944.947308332
2195,113017.763976446
2196,98579.3385570807
2197,117677.417050923
2198,170890.634446493
2199,193578.36741824
2200,146820.835460991
2201,141694.007605106
2202,222300.90446476
2203,135100.944140692
2204,173395.89429414
2205,118666.785105885
2206,146916.043801072
2207,204177.468417486
2208,263140.450536887
2209,230939.417050866
2210,117027.118182854
2211,114526.319112561
2212,115788.338000993
2213,100170.328108818
2214,120503.02499611
2215,97527.9921641737
2216,135788.657739045
2217,53074.7012398547
2218,81756.2988210517
2219,75198.9293321144
2220,84667.630505284
2221,294979.981353739
2222,250460.853339759
2223,265592.696473686
2224,194134.370853699
2225,116726.142581978
2226,181349.566027234
2227,210514.067376214
2228,268758.467210707
2229,273653.061895529
2230,156880.024242406
2231,220716.38402874
2232,183920.20696588
2233,181634.765604849
2234,246671.037918043
2235,216122.614790187
2236,291210.923639495
2237,345595.908116901
2238,192367.257979471
2239,110355.951444471
2240,153233.305320258
2241,145580.803485578
2242,122241.194311543
2243,123482.581033834
2244,104466.288642215
2245,98785.5435132316
2246,138021.207854083
2247,116336.453662039
2248,122169.882536219
2249,116870.257981944
2250,123817.989647458
2251,96158.0988265854
2252,179580.898490636
2253,154780.11534571
2254,173810.363685383
2255,188853.781449639
2256,175596.378599269
2257,205507.800500015
2258,161921.418224583
2259,176186.440898441
2260,150467.842029859
2261,187000.333044733
2262,213194.81265042
2263,336692.852496515
2264,499643.611469497
2265,167805.248005977
2266,295031.151381515
2267,365977.199032068
2268,391864.020834007
2269,149447.964803095
2270,200456.06383964
2271,225267.167721647
2272,201581.333609717
2273,165136.641671652
2274,186579.209738029
2275,171651.569920923
2276,204350.286214963
2277,188082.854881062
2278,148797.534985453
2279,119485.592761663
2280,113551.996576152
2281,158357.852623429
2282,176825.89614264
2283,104297.083687614
2284,104223.146494727
2285,140775.728851862
2286,121504.072796578
2287,362448.661624117
2288,275678.294967484
2289,386501.876581209
2290,453063.422464142
2291,314215.235492713
2292,414684.296844812
2293,473376.362592323
2294,387246.07079868
2295,500663.708452099
2296,306778.501691166
2297,323969.139631073
2298,335606.64764254
2299,339417.805850526
2300,324083.941635432
2301,295243.636510768
2302,254146.324324481
2303,244511.461103988
2304,257929.038859227
2305,204300.266140437
2306,199976.504079477
2307,204728.981110823
2308,230097.413839068
2309,277474.720461979
2310,220202.04569185
2311,211175.036941856
2312,169908.553809641
2313,172609.993483928
2314,181240.630440531
2315,180611.503953863
2316,199817.519210675
2317,192511.014029616
2318,181671.383787741
2319,187697.117165209
2320,189167.134401359
2321,235459.408864109
2322,180144.110034665
2323,185782.646651315
2324,175318.400983043
2325,219157.999849117
2326,175920.827782105
2327,204952.639044327
2328,223444.918674739
2329,190041.459428702
2330,183757.533220039
2331,350909.214166664
2332,372965.19757454
2333,320801.365646424
2334,252330.696175707
2335,267804.491976447
2336,321454.098528644
2337,211748.716994135
2338,282287.370100803
2339,216673.165886583
2340,406457.692031173
2341,235089.810632085
2342,235971.889087324
2343,229042.379583723
2344,217051.491773378
2345,244795.164864718
2346,214484.763983866
2347,207116.752640746
2348,239053.132154347
2349,170233.720768829
2350,289143.042965103
2351,255347.390432458
2352,252448.24301662
2353,244742.852405097
2354,147076.074446069
2355,149774.649780483
2356,153554.636966604
2357,194312.157128899
2358,190568.454343847
2359,140016.885423747
2360,114604.706419202
2361,143936.102977576
2362,272699.197200797
2363,135235.448529194
2364,156396.767412086
2365,222726.041819592
2366,193020.570860956
2367,225562.50972326
2368,218661.733439122
2369,225026.05739304
2370,162014.096995003
2371,161951.215581202
2372,185859.991139378
2373,263835.05909237
2374,301510.830399967
2375,249863.588429006
2376,314836.957708911
2377,351208.897658005
2378,146301.176549638
2379,217662.166185602
2380,152467.429983731
2381,178543.11824119
2382,205995.141929309
2383,209174.849543496
2384,245033.014099533
2385,171856.569552087
2386,142838.710329781
2387,130033.013154565
2388,96561.019439747
2389,121779.386572748
2390,139370.779881022
2391,141601.108582581
2392,112655.316947731
2393,167752.37752566
2394,135093.409909946
2395,198793.457532742
2396,144976.591488169
2397,217102.212280307
2398,127900.512702967
2399,59088.1382669023
2400,62610.5558669048
2401,110569.814134637
2402,136912.401762952
2403,143780.598841315
2404,148609.915131836
2405,155311.304855665
2406,140240.193765171
2407,125259.096412902
2408,141196.204655351
2409,119041.349485133
2410,164389.306528093
2411,114602.276942382
2412,154337.427775512
2413,129007.886309278
2414,141538.115219466
2415,137788.901388839
2416,123023.841401896
2417,141474.668486461
2418,132140.458859217
2419,120831.20024658
2420,121895.618703783
2421,144536.509833447
2422,108699.364040345
2423,117543.308314905
2424,159884.455319036
2425,179980.771694227
2426,134425.103591528
2427,128150.943123778
2428,177456.398443065
2429,109619.661892889
2430,130906.499421721
2431,108469.994217482
2432,136535.402207466
2433,139561.562975274
2434,132569.672306942
2435,145517.499584404
2436,99646.4194131891
2437,104739.264048354
2438,119483.023773313
2439,111082.091008881
2440,126117.694872643
2441,99441.9559710402
2442,100532.456720167
2443,131877.179116953
2444,133548.342029919
2445,91219.2690511031
2446,146749.036047985
2447,191155.290033077
2448,130059.051342677
2449,116769.364922661
2450,150198.957176286
2451,118092.482320271
2452,202238.411647701
2453,89514.4585403525
2454,120967.007581482
2455,119810.341560127
2456,131022.47082983
2457,119664.037752926
2458,121170.896710481
2459,109657.118548436
2460,135398.725449498
2461,122148.011390909
2462,126954.294609798
2463,118896.05513003
2464,177928.117014234
2465,139666.600071849
2466,107452.497456027
2467,128871.784049454
2468,80513.0170544404
2469,79586.353536804
2470,170359.401195277
2471,201741.385370918
2472,154387.548555321
2473,110235.894862058
2474,71847.9575537322
2475,214359.273570114
2476,111858.985729639
2477,123177.211840474
2478,150137.882137261
2479,101806.629830684
2480,154100.30625647
2481,123897.236416792
2482,122640.704928928
2483,111113.718950506
2484,125621.01306389
2485,124544.920335736
2486,144462.949385785
2487,168124.816549119
2488,158722.55776268
2489,147198.668036517
2490,142873.529348858
2491,87454.1872055253
2492,195667.784185447
2493,144310.9407263
2494,152109.85058215
2495,93509.1605810808
2496,266539.66055089
2497,156006.369946417
2498,110635.637652402
2499,83245.6735483388
2500,130030.680025951
2501,140774.512926206
2502,147232.611459291
2503,97468.4631084741
2504,184246.606488026
2505,218570.221425736
2506,258886.528532582
2507,289876.746620158
2508,257888.601538038
2509,213629.888514617
2510,220540.010093864
2511,177946.334502784
2512,204708.33499492
2513,222178.036288955
2514,263141.913495681
2515,149851.035024895
2516,171956.503635456
2517,146451.393934162
2518,153621.212540614
2519,218379.989908225
2520,218978.866397538
2521,187821.582834277
2522,221024.409647239
2523,119820.72831404
2524,138183.271381197
2525,149258.422473769
2526,140657.711216085
2527,123982.298743648
2528,128949.329690175
2529,139255.605811722
2530,121266.544726447
2531,250097.92550833
2532,224151.501870236
2533,197803.462598299
2534,234777.475007579
2535,303477.726759515
2536,233625.638590395
2537,238585.076425376
2538,189769.302555341
2539,189298.974192691
2540,184563.451702332
2541,184549.511682116
2542,163887.214752925
2543,120675.481711711
2544,122171.955216907
2545,136481.87257738
2546,136364.374004413
2547,140303.781627615
2548,152259.037424233
2549,156596.109721066
2550,825398.791131035
2551,135788.517641793
2552,132918.685733814
2553,76530.7408448081
2554,104199.508040892
2555,126815.908710291
2556,100829.669049206
2557,104871.501797801
2558,158298.146152838
2559,141603.534942054
2560,147712.223073982
2561,148242.704045961
2562,134500.321401177
2563,149614.056768688
2564,197343.255711141
2565,130054.724321587
2566,149557.59396034
2567,142166.029888599
2568,208833.019456879
2569,221047.764624098
2570,111499.379710226
2571,175844.897466736
2572,143436.306132215
2573,223680.008182919
2574,274939.906111417
2575,128283.281855633
2576,117487.040265028
2577,121495.973414268
2578,87306.520451903
2579,63775.7605174187
2580,109439.708770041
2581,111704.629505896
2582,116984.175897713
2583,282176.668557987
2584,176846.776304049
2585,172659.223947582
2586,218634.852950262
2587,194836.734544256
2588,143657.098827878
2589,144482.741350404
2590,219471.780442181
2591,233634.0095693
2592,224706.888080707
2593,255349.833268537
2594,194635.075654874
2595,197110.373595956
2596,315584.004423522
2597,183953.946267337
2598,290680.959889573
2599,317644.789006248
2600,132537.150451926
2601,142264.661416145
2602,83100.2670164066
2603,94391.2484052002
2604,89525.3730404185
2605,78519.2103347845
2606,143674.12599764
2607,211803.910672715
2608,201147.250915522
2609,168297.702933332
2610,107071.904431463
2611,108360.709734993
2612,153819.64788823
2613,126928.359482851
2614,119670.15887792
2615,159650.065042701
2616,145041.534588866
2617,176373.786525518
2618,204059.240038056
2619,199874.238529143
2620,189344.105775908
2621,171946.783883365
2622,183213.792257921
2623,256611.063350751
2624,310356.956926906
2625,283712.488092482
2626,175456.794502496
2627,164796.416128085
2628,447753.565618732
2629,487478.000392313
2630,359149.191069374
2631,475392.607513852
2632,394604.972015675
2633,321801.30789601
2634,392952.424762187
2635,161976.634147555
2636,181592.870104152
2637,182090.269558698
2638,266463.000358721
2639,185045.174866744
2640,160707.114759586
2641,106369.4550734
2642,180598.885962519
2643,100665.502489898
2644,119534.811867091
2645,107685.437265163
2646,94988.2379641543
2647,103254.154749915
2648,144083.338438444
2649,148387.755828969
2650,145568.929880313
2651,139004.555027736
2652,407326.60153362
2653,249748.410521376
2654,252617.546932275
2655,402171.795244854
2656,325270.503326723
2657,358265.082422603
2658,301358.087510528
2659,297793.828998316
2660,358019.601722565
2661,364142.171493134
2662,352722.294375853
2663,293799.852593967
2664,272513.728994031
2665,337460.626975028
2666,302729.210173214
2667,172858.643315075
2668,182481.06489153
2669,186153.838165951
2670,279734.478488181
2671,189880.872193509
2672,198762.430100646
2673,206609.167673889
2674,198600.296932081
2675,171542.299416096
2676,193578.876618574
2677,192108.305795634
2678,252293.383083362
2679,274500.474710828
2680,281530.816115812
2681,380028.818563797
2682,323966.180789981
2683,526102.203779598
2684,315628.68937686
2685,339308.546663578
2686,269953.379410545
2687,324321.308248509
2688,225456.983611077
2689,206506.691878685
2690,422952.881109878
2691,187520.619247534
2692,140503.385429422
2693,206569.767437838
2694,140432.83306486
2695,198463.159844609
2696,187386.219039514
2697,186393.633270727
2698,191226.060528725
2699,179414.415967353
2700,154640.950555645
2701,152127.870189141
2702,111403.335498175
2703,124651.440775471
2704,135398.586921996
2705,114517.277887047
2706,110855.244492656
2707,123787.713086144
2708,130635.093895095
2709,99799.857972651
2710,121629.711681189
2711,292695.879539188
2712,377527.950532593
2713,167685.74561429
2714,157678.357499714
2715,165644.823504504
2716,151901.950433968
2717,188922.366166419
2718,224802.79522594
2719,164463.998197572
2720,185494.950760482
2721,128178.899759261
2722,160162.169179978
2723,137726.320943153
2724,120222.328252555
2725,126656.544778409
2726,151591.921206619
2727,179844.963807436
2728,174014.653516836
2729,144404.275047098
2730,144544.777608021
2731,135047.613950289
2732,128505.825880159
2733,160400.598826659
2734,149996.827253923
2735,136966.965914121
2736,139044.944292664
2737,119548.556860387
2738,136827.027194222
2739,156753.447560261
2740,134854.911118777
2741,135379.803835726
2742,148943.176083781
2743,153231.526045499
2744,158586.164915027
2745,142500.46265356
2746,134464.597144099
2747,139423.075215712
2748,121784.408704584
2749,126278.203957411
2750,140152.579107457
2751,132802.565806087
2752,185821.525751701
2753,148738.23847117
2754,226627.690976866
2755,136552.661874269
2756,91240.1894720465
2757,64308.9776210991
2758,94628.8123993674
2759,166360.374522444
2760,117043.630791575
2761,143373.757428065
2762,143941.094328218
2763,184071.497361468
2764,132071.971177326
2765,279707.791725536
2766,133496.459693614
2767,80552.8329402854
2768,127313.507097543
2769,123241.480969868
2770,143882.739447166
2771,110920.44822104
2772,110967.681017437
2773,174512.158723039
2774,145504.402238439
2775,109878.012685493
2776,147273.312270402
2777,155570.883031564
2778,105353.627401057
2779,125406.911484095
2780,103011.304574483
2781,98908.2590472826
2782,95433.1872286783
2783,96099.096335643
2784,124126.487204314
2785,141892.205603436
2786,67286.2425711951
2787,127714.017718327
2788,75878.1950585433
2789,172310.038631304
2790,103607.182170755
2791,112063.668780511
2792,62298.0703859922
2793,148633.337590796
2794,86879.338031207
2795,112684.392783469
2796,93432.9523671773
2797,179636.251129649
2798,98096.9916825764
2799,111425.667174707
2800,62436.8984868653
2801,100343.408126091
2802,127710.358005534
2803,161420.167674116
2804,124674.055992801
2805,96195.9276077087
2806,79743.7606793507
2807,159842.681794634
2808,145657.51832315
2809,135154.000758906
2810,126122.286683054
2811,158155.581889573
2812,151055.676852222
2813,155558.93447537
2814,156865.645391661
2815,96845.2720934771
2816,255320.025689881
2817,165430.116672154
2818,129272.258206866
2819,172954.869048752
2820,139754.339739627
2821,109052.894978381
2822,194808.239818178
2823,293892.494922532
2824,198559.027158151
2825,129996.431502221
2826,135435.476582825
2827,142167.193973102
2828,194709.13915065
2829,227746.883965742
2830,238349.777392051
2831,175946.079317798
2832,257326.3271433
2833,283408.323350405
2834,219110.459203201
2835,218780.948432116
2836,199134.226908162
2837,169663.804467143
2838,150385.028802455
2839,171579.895401131
2840,204931.804878779
2841,198803.53446555
2842,228401.220650262
2843,150986.555402178
2844,174141.313073798
2845,131386.736904909
2846,209970.247464728
2847,203395.525882344
2848,221870.507016713
2849,200687.951018782
2850,273312.072839053
2851,213713.054182991
2852,227393.7106576
2853,233966.16122411
2854,140797.611067372
2855,204738.698731377
2856,207730.25192507
2857,191773.751365779
2858,214408.368778072
2859,126438.21488564
2860,123527.969794384
2861,123246.955340829
2862,191358.457434424
2863,123608.772750424
2864,229547.79572578
2865,140074.050410026
2866,152906.725069947
2867,101682.235130729
2868,101567.453235394
2869,102475.342169412
2870,130072.064684638
2871,86358.4794061271
2872,51382.7254740551
2873,104051.633457858
2874,137158.532216502
2875,115521.077562427
2876,161465.126810726
2877,149112.146707141
2878,173249.764592974
2879,136275.114745094
2880,102338.531434083
2881,156526.684158404
2882,167763.041345402
2883,206278.384826242
2884,194619.487062232
2885,181337.003968783
2886,224706.874253341
2887,89734.2637042607
2888,141512.36429509
2889,56937.3554666836
2890,77257.3235007213
2891,131109.940392996
2892,50013.0342527493
2893,89609.5731168623
2894,63255.6332584847
2895,303828.9389515
2896,267487.534733454
2897,193616.540861121
2898,153274.525844333
2899,196511.371420176
2900,156776.129291717
2901,196074.167928582
2902,190876.196326132
2903,339229.264122871
2904,367782.726636876
2905,79753.0124292725
2906,194440.05523249
2907,111837.780132948
2908,126671.334702043
2909,150104.521416933
2910,76800.2992792974
2911,81640.3368572508
2912,146674.398816908
2913,85051.8060744551
2914,79351.0592420357
2915,88296.9126004588
2916,84488.0314950625
2917,160612.669500937
2918,113816.396041771
2919,208993.952397886
